-0.99654462 -0.00012248 -0.00000000 0.00000027 0.28910538 -0.00005756 0.00000000 -0.00000017
-0.99750353 -0.00004272 0.00000798 -0.00000058 0.28835872 -0.00010888 -0.00000513 0.00000054
-0.99771662 -0.00005824 -0.00000953 0.00000047 0.28729206 -0.00005092 0.00001093 -0.00000069
-0.99878207 -0.00010786 0.00000457 -0.00000034 0.28718540 -0.00003944 -0.00000978 0.00000073
-0.99974098 -0.00011761 -0.00000554 0.00000066 0.28654541 -0.00001530 0.00001219 -0.00000085
-1.00080643 -0.00002901 0.00001440 -0.00000094 0.28675874 -0.00002734 -0.00001340 0.00000055
-1.00059334 -0.00002205 -0.00001370 0.00000085 0.28569208 -0.00013135 0.00000300 -0.00000005
-1.00133916 -0.00004261 0.00001165 -0.00000053 0.28462543 -0.00008727 0.00000141 -0.00000012
-1.00112607 0.00003266 -0.00000412 0.00000019 0.28377210 -0.00009557 -0.00000224 0.00000011
-1.00101952 0.00000788 0.00000164 0.00000018 0.28270545 -0.00010644 0.00000115 -0.00000012
-1.00059334 0.00009566 0.00000713 -0.00000082 0.28163879 -0.00011866 -0.00000238 0.00000036
-0.99974098 -0.00000695 -0.00001739 0.00000074 0.28057214 -0.00005889 0.00000835 -0.00000035
-1.00080643 -0.00013179 0.00000491 -0.00000024 0.28046547 0.00000224 -0.00000224 0.00000020
-1.00187188 -0.00010516 -0.00000225 0.00000021 0.28046547 0.00001792 0.00000381 -0.00000045
-1.00293734 -0.00008682 0.00000408 -0.00000029 0.28057214 -0.00004191 -0.00000979 0.00000086
-1.00368315 -0.00009092 -0.00000449 0.00000040 0.28003881 0.00002174 0.00001616 -0.00000109
-1.00464206 -0.00006092 0.00000749 -0.00000046 0.28078547 0.00001896 -0.00001643 0.00000071
-1.00496170 -0.00004897 -0.00000630 0.00000027 0.28003881 -0.00009760 0.00000478 -0.00000004
-1.00581406 -0.00009482 0.00000171 -0.00000008 0.27950548 -0.00001258 0.00000372 -0.00000003
-1.00666642 -0.00008318 -0.00000055 0.00000003 0.27971881 0.00005192 0.00000273 -0.00000037
-1.00751878 -0.00008389 0.00000047 0.00000026 0.28014548 -0.00000308 -0.00000823 0.00000021
-1.00805151 0.00000322 0.00000824 -0.00000064 0.27950548 -0.00010358 -0.00000182 0.00000015
-1.00783842 -0.00002489 -0.00001105 0.00000039 0.27843883 -0.00009460 0.00000272 0.00000014
-1.00879733 -0.00012742 0.00000079 0.00000024 0.27790550 0.00000196 0.00000693 -0.00000061
-1.00975623 -0.00004077 0.00000787 -0.00000049 0.27801217 -0.00004126 -0.00001126 0.00000058
-1.00986278 -0.00002912 -0.00000671 0.00000022 0.27705218 -0.00009291 0.00000609 -0.00000032
-1.01060860 -0.00009845 -0.00000023 0.00000015 0.27641218 -0.00006709 -0.00000351 0.00000060
-1.01146096 -0.00005653 0.00000442 -0.00000030 0.27598552 0.00004129 0.00001435 -0.00000078
-1.01188714 -0.00005900 -0.00000467 0.00000020 0.27705218 0.00009395 -0.00000908 0.00000040
-1.01273950 -0.00009104 0.00000146 -0.00000009 0.27747884 0.00003091 0.00000278 -0.00000037
-1.01359186 -0.00008827 -0.00000119 -0.00000006 0.27769217 -0.00002558 -0.00000843 0.00000057
-1.01465732 -0.00013122 -0.00000311 0.00000056 0.27715884 -0.00002457 0.00000853 -0.00000061
-1.01572277 -0.00002610 0.00001362 -0.00000067 0.27715884 -0.00003612 -0.00000968 0.00000037
-1.01529659 0.00004385 -0.00000663 0.00000033 0.27619885 -0.00011894 0.00000140 -0.00000002
-1.01519004 0.00001052 0.00000329 -0.00000001 0.27513220 -0.00009611 0.00000088 0.00000002
-1.01476386 0.00007388 0.00000304 -0.00000008 0.27427887 -0.00007261 0.00000147 0.00000005
-1.01380495 0.00010948 0.00000052 -0.00000040 0.27374555 -0.00002946 0.00000285 -0.00000031
-1.01305914 -0.00000037 -0.00001150 0.00000051 0.27342555 -0.00006556 -0.00000646 0.00000034
-1.01369841 -0.00007602 0.00000394 -0.00000017 0.27246556 -0.00009231 0.00000378 -0.00000020
-1.01423113 -0.00004716 -0.00000105 -0.00000006 0.27171890 -0.00007721 -0.00000227 0.00000025
-1.01487041 -0.00008693 -0.00000292 0.00000052 0.27097224 -0.00004686 0.00000531 -0.00000038
-1.01550968 0.00001132 0.00001275 -0.00000075 0.27065225 -0.00005536 -0.00000616 0.00000021
-1.01487041 0.00004167 -0.00000971 0.00000034 0.26969226 -0.00011570 0.00000012 0.00000008
-1.01508350 -0.00005013 0.00000053 -0.00000019 0.26862560 -0.00008983 0.00000246 0.00000012
-1.01572277 -0.00009685 -0.00000521 0.00000042 0.26809228 -0.00000499 0.00000602 -0.00000045
-1.01678822 -0.00007388 0.00000750 -0.00000044 0.26819894 -0.00001821 -0.00000734 0.00000028
-1.01721440 -0.00005513 -0.00000563 0.00000058 0.26755895 -0.00008216 0.00000095 -0.00000013
-1.01774713 0.00000672 0.00001181 -0.00000040 0.26670562 -0.00010115 -0.00000285 0.00000044
-1.01689477 0.00012413 -0.00000007 -0.00000017 0.26585230 -0.00002525 0.00001044 -0.00000068
-1.01582931 0.00007211 -0.00000513 0.00000000 0.26595897 -0.00002185 -0.00001010 0.00000037
-1.01561622 -0.00002902 -0.00000499 0.00000047 0.26510564 -0.00011134 0.00000115 0.00000004
-1.01593586 0.00001201 0.00000909 -0.00000050 0.26414565 -0.00007677 0.00000231 -0.00000021
-1.01540313 0.00004489 -0.00000580 0.00000002 0.26339899 -0.00009355 -0.00000399 0.00000037
-1.01550968 -0.00006373 -0.00000506 0.00000029 0.26243900 -0.00006101 0.00000724 -0.00000054
-1.01636204 -0.00007765 0.00000367 0.00000020 0.26201234 -0.00007841 -0.00000898 0.00000062
-1.01657513 0.00005470 0.00000957 -0.00000044 0.26094569 -0.00007336 0.00000949 -0.00000043
-1.01550968 0.00011457 -0.00000358 0.00000006 0.26073236 -0.00001215 -0.00000337 0.00000003
-1.01465732 0.00006238 -0.00000164 -0.00000014 0.26030569 -0.00007004 -0.00000242 0.00000009
-1.01433768 -0.00001250 -0.00000585 0.00000028 0.25945237 -0.00009167 0.00000026 -0.00000007
-1.01476386 -0.00004434 0.00000267 0.00000018 0.25849238 -0.00010727 -0.00000182 0.00000040
-1.01476386 0.00006201 0.00000797 -0.00000035 0.25763906 -0.00002326 0.00001022 -0.00000068
-1.01369841 0.00011595 -0.00000257 -0.00000026 0.25774572 -0.00002370 -0.00001026 0.00000030
-1.01305914 -0.00001438 -0.00001046 0.00000087 0.25678573 -0.00013796 -0.00000116 0.00000043
-1.01337877 0.00003746 0.00001564 -0.00000087 0.25571908 -0.00003248 0.00001171 -0.00000085
-1.01231332 0.00008827 -0.00001056 0.00000060 0.25571908 -0.00005214 -0.00001368 0.00000082
-1.01188714 0.00005693 0.00000743 -0.00000046 0.25465242 -0.00007896 0.00001099 -0.00000063
-1.01103478 0.00006755 -0.00000637 0.00000039 0.25433243 -0.00004801 -0.00000790 0.00000042
-1.01060860 0.00005641 0.00000525 -0.00000024 0.25347910 -0.00008101 0.00000460 -0.00000018
-1.00975623 0.00009037 -0.00000186 0.00000013 0.25294577 -0.00004394 -0.00000089 -0.00000000
-1.00890387 0.00009353 0.00000217 -0.00000009 0.25241245 -0.00006322 -0.00000104 0.00000010
-1.00783842 0.00011085 -0.00000044 0.00000000 0.25177245 -0.00005517 0.00000184 -0.00000006
-1.00677297 0.00010234 -0.00000041 0.00000008 0.25134579 -0.00003609 0.00000006 0.00000003
-1.00570751 0.00011905 0.00000208 -0.00000033 0.25102580 -0.00002447 0.00000110 -0.00000019
-1.00464206 0.00006071 -0.00000792 0.00000008 0.25070580 -0.00005805 -0.00000446 0.00000039
-1.00474861 -0.00007422 -0.00000558 0.00000023 0.25006581 -0.00003134 0.00000713 -0.00000029
-1.00581406 -0.00011542 0.00000146 -0.00000006 0.25017247 0.00002342 -0.00000165 0.00000004
-1.00687951 -0.00010338 -0.00000025 -0.00000001 0.25027914 0.00000167 -0.00000052 0.00000004
-1.00794496 -0.00011032 -0.00000044 0.00000008 0.25027914 0.00000189 0.00000055 0.00000003
-1.00901042 -0.00009461 0.00000201 -0.00000011 0.25038580 0.00002277 0.00000154 -0.00000028
-1.00986278 -0.00008660 -0.00000121 0.00000013 0.25049247 -0.00002895 -0.00000671 0.00000064
-1.01071514 -0.00007042 0.00000283 -0.00000022 0.25017247 0.00002904 0.00001251 -0.00000101
-1.01135441 -0.00007920 -0.00000370 0.00000031 0.25070580 -0.00002322 -0.00001774 0.00000137
-1.01220677 -0.00006027 0.00000560 -0.00000028 0.25006581 0.00003183 0.00002324 -0.00000158
-1.01252641 -0.00003133 -0.00000270 -0.00000006 0.25113246 0.00002389 -0.00002404 0.00000120
-1.01316568 -0.00010209 -0.00000437 0.00000050 0.25017247 -0.00009540 0.00001211 -0.00000015
-1.01412459 -0.00003977 0.00001060 -0.00000066 0.25027914 0.00010171 0.00000760 -0.00000071
-1.01412459 -0.00002651 -0.00000928 0.00000045 0.25134579 0.00004055 -0.00001372 0.00000043
-1.01487041 -0.00007793 0.00000414 -0.00000027 0.25081247 -0.00010390 -0.00000073 0.00000026
-1.01550968 -0.00007731 -0.00000408 0.00000033 0.24995914 -0.00004094 0.00000702 -0.00000008
-1.01636204 -0.00006032 0.00000578 -0.00000029 0.25017247 0.00007568 0.00000464 -0.00000015
-1.01668168 -0.00003302 -0.00000305 0.00000021 0.25123913 0.00012223 0.00000001 -0.00000048
-1.01710786 -0.00003135 0.00000321 -0.00000022 0.25198579 -0.00002060 -0.00001430 0.00000057
-1.01732095 -0.00003336 -0.00000342 0.00000004 0.25091913 -0.00013582 0.00000278 0.00000012
-1.01796022 -0.00009090 -0.00000234 0.00000008 0.24995914 -0.00004411 0.00000640 -0.00000031
-1.01902567 -0.00011445 -0.00000002 0.00000029 0.24985248 -0.00000774 -0.00000276 0.00000035
-1.01987803 -0.00002663 0.00000880 -0.00000061 0.24985248 0.00004307 0.00000784 -0.00000036
-1.01987803 -0.00003473 -0.00000961 0.00000078 0.25070580 0.00009146 -0.00000300 0.00000024
-1.02041076 0.00000573 0.00001366 -0.00000100 0.25155912 0.00010307 0.00000416 -0.00000038
-1.01998458 -0.00002016 -0.00001624 0.00000097 0.25262578 0.00007224 -0.00000724 0.00000000
-1.02083694 -0.00005295 0.00001296 -0.00000077 0.25262578 -0.00007204 -0.00000718 0.00000037
-1.02083694 -0.00002374 -0.00001004 0.00000050 0.25155912 -0.00010406 0.00000398 -0.00000010
-1.02158276 -0.00007582 0.00000484 -0.00000005 0.25081247 -0.00005570 0.00000085 -0.00000017
-1.02190239 0.00000738 0.00000348 -0.00000042 0.25017247 -0.00008915 -0.00000420 0.00000046
-1.02190239 -0.00004960 -0.00000918 0.00000046 0.24931915 -0.00003572 0.00000954 -0.00000028
-1.02286130 -0.00009667 0.00000447 -0.00000012 0.24963914 0.00007202 0.00000123 -0.00000042
-1.02350057 -0.00004317 0.00000088 -0.00000019 0.25006581 -0.00002836 -0.00001127 0.00000066
-1.02403330 -0.00008224 -0.00000478 0.00000045 0.24931915 -0.00005457 0.00000865 -0.00000011
-1.02488566 -0.00004338 0.00000867 -0.00000033 0.24953248 0.00008665 0.00000547 -0.00000035
-1.02477912 0.00003202 -0.00000113 -0.00000021 0.25059913 0.00009197 -0.00000494 0.00000011
-1.02477912 -0.00005273 -0.00000734 0.00000041 0.25113246 0.00002548 -0.00000171 0.00000024
-1.02563148 -0.00007681 0.00000494 -0.00000015 0.25145246 0.00006212 0.00000537 -0.00000031
-1.02605766 -0.00002358 0.00000039 -0.00000012 0.25230578 0.00007802 -0.00000378 -0.00000008
-1.02637729 -0.00005259 -0.00000329 0.00000022 0.25262578 -0.00002221 -0.00000624 0.00000010
-1.02701657 -0.00005371 0.00000318 -0.00000031 0.25187912 -0.00011718 -0.00000326 0.00000054
-1.02754929 -0.00008415 -0.00000622 0.00000061 0.25091913 -0.00002105 0.00001287 -0.00000086
-1.02840165 -0.00002521 0.00001211 -0.00000043 0.25113246 -0.00002262 -0.00001303 0.00000046
-1.02786893 0.00008911 -0.00000068 -0.00000040 0.25006581 -0.00014448 0.00000084 0.00000029
-1.02744275 -0.00004356 -0.00001259 0.00000063 0.24899915 -0.00003947 0.00000966 -0.00000057
-1.02850820 -0.00010666 0.00000628 -0.00000031 0.24899915 -0.00001763 -0.00000747 0.00000060
-1.02925402 -0.00007317 -0.00000293 0.00000028 0.24867916 0.00001398 0.00001063 -0.00000035
-1.02999983 -0.00004813 0.00000543 -0.00000038 0.24953248 0.00012170 0.00000014 -0.00000038
-1.03031947 -0.00005395 -0.00000601 0.00000050 0.25038580 0.00001121 -0.00001119 0.00000026
-1.03095874 -0.00002375 0.00000903 -0.00000067 0.24963914 -0.00013453 -0.00000339 0.00000062
-1.03095874 -0.00004282 -0.00001094 0.00000056 0.24857249 -0.00001708 0.00001513 -0.00000092
-1.03191765 -0.00009264 0.00000596 -0.00000042 0.24899915 0.00001085 -0.00001234 0.00000049
-1.03266347 -0.00009805 -0.00000650 0.00000056 0.24835916 -0.00009030 0.00000222 0.00000025
-1.03372892 -0.00005856 0.00001045 -0.00000025 0.24793250 0.00003037 0.00000984 -0.00000033
-1.03351583 0.00007657 0.00000307 -0.00000054 0.24889249 0.00012883 0.00000000 -0.00000022
-1.03298310 -0.00002397 -0.00001312 0.00000091 0.24995914 0.00006232 -0.00000665 0.00000047
-1.03362237 -0.00001265 0.00001425 -0.00000098 0.25038580 0.00006987 0.00000741 -0.00000048
-1.03330274 -0.00002133 -0.00001512 0.00000066 0.25134579 0.00007418 -0.00000698 0.00000028
-1.03436819 -0.00012579 0.00000467 0.00000004 0.25166579 0.00001741 0.00000130 0.00000012
-1.03511401 -0.00001888 0.00000602 -0.00000052 0.25209245 0.00008019 0.00000498 -0.00000023
-1.03522055 -0.00005440 -0.00000957 0.00000044 0.25315911 0.00010984 -0.00000201 -0.00000026
-1.03628600 -0.00011512 0.00000350 0.00000006 0.25379910 -0.00000756 -0.00000973 0.00000030
-1.03703182 -0.00002850 0.00000516 -0.00000034 0.25305244 -0.00011159 -0.00000068 0.00000012
-1.03713837 -0.00002659 -0.00000497 0.00000002 0.25198579 -0.00009005 0.00000283 -0.00000002
-1.03788418 -0.00012084 -0.00000445 0.00000059 0.25134579 -0.00004018 0.00000216 -0.00000013
-1.03894964 -0.00003344 0.00001319 -0.00000067 0.25102580 -0.00003721 -0.00000186 -0.00000008
-1.03863000 0.00003086 -0.00000676 0.00000026 0.25038580 -0.00009899 -0.00000432 0.00000046
-1.03873655 -0.00002605 0.00000107 0.00000005 0.24942581 -0.00004684 0.00000953 -0.00000059
-1.03884309 0.00000943 0.00000248 0.00000019 0.24931915 -0.00003363 -0.00000821 0.00000030
-1.03831036 0.00011620 0.00000820 -0.00000092 0.24846582 -0.00010662 0.00000091 0.00000012
-1.03724491 0.00000524 -0.00001930 0.00000081 0.24761250 -0.00005188 0.00000456 -0.00000004
-1.03831036 -0.00013714 0.00000506 -0.00000020 0.24750583 0.00002613 0.00000324 -0.00000037
-1.03937582 -0.00009595 -0.00000094 0.00000020 0.24771917 -0.00002063 -0.00000791 0.00000078
-1.04022818 -0.00005442 0.00000509 -0.00000028 0.24750583 0.00005638 0.00001561 -0.00000117
-1.04054782 -0.00003799 -0.00000345 0.00000019 0.24846582 0.00001909 -0.00001934 0.00000089
-1.04108054 -0.00004935 0.00000231 -0.00000027 0.24761250 -0.00010073 0.00000736 -0.00000026
-1.04161327 -0.00008424 -0.00000580 0.00000057 0.24707917 -0.00003215 -0.00000050 0.00000037
-1.04246563 -0.00002920 0.00001131 -0.00000073 0.24707917 0.00006933 0.00001065 -0.00000069
-1.04235908 -0.00002271 -0.00001066 0.00000044 0.24814583 0.00007483 -0.00001010 0.00000058
-1.04321145 -0.00010369 0.00000256 0.00000014 0.24846582 0.00004733 0.00000735 -0.00000025
-1.04385072 -0.00001001 0.00000681 -0.00000058 0.24942581 0.00011983 -0.00000010 -0.00000033
-1.04385072 -0.00004806 -0.00001061 0.00000080 0.25027914 0.00001735 -0.00001015 0.00000031
-1.04459654 -0.00002151 0.00001327 -0.00000079 0.24974581 -0.00009322 -0.00000091 0.00000006
-1.04427690 0.00000623 -0.00001049 0.00000056 0.24878582 -0.00009246 0.00000099 -0.00000003
-1.04470308 -0.00003538 0.00000633 -0.00000028 0.24793250 -0.00008092 0.00000017 -0.00000006
-1.04470308 0.00000743 -0.00000205 -0.00000008 0.24707917 -0.00009585 -0.00000166 0.00000027
-1.04491617 -0.00005825 -0.00000452 0.00000018 0.24622585 -0.00004768 0.00000648 -0.00000017
-1.04576853 -0.00009404 0.00000094 0.00000010 0.24622585 0.00003058 0.00000135 0.00000009
-1.04651435 -0.00004502 0.00000397 -0.00000037 0.24675918 0.00008537 0.00000413 -0.00000041
-1.04694053 -0.00007746 -0.00000721 0.00000064 0.24761250 0.00004395 -0.00000827 0.00000017
-1.04779289 -0.00002870 0.00001208 -0.00000071 0.24739917 -0.00006918 -0.00000304 0.00000004
-1.04757980 0.00000049 -0.00000917 0.00000027 0.24643918 -0.00011922 -0.00000196 0.00000064
-1.04821907 -0.00010111 -0.00000100 0.00000026 0.24569252 0.00003408 0.00001729 -0.00000122
-1.04907144 -0.00004354 0.00000675 -0.00000045 0.24654585 0.00001492 -0.00001921 0.00000102
-1.04928453 -0.00004438 -0.00000684 0.00000038 0.24579919 -0.00006175 0.00001154 -0.00000064
-1.05003034 -0.00006662 0.00000461 -0.00000033 0.24569252 -0.00002391 -0.00000776 0.00000048
-1.05056307 -0.00007270 -0.00000522 0.00000018 0.24515919 -0.00003462 0.00000669 -0.00000043
-1.05162852 -0.00012203 0.00000029 0.00000013 0.24505253 -0.00002963 -0.00000619 0.00000049
-1.05269398 -0.00007844 0.00000407 0.00000016 0.24462587 -0.00000688 0.00000846 -0.00000024
-1.05290707 0.00005224 0.00000900 -0.00000046 0.24515919 0.00008913 0.00000114 -0.00000005
-1.05194816 0.00009322 -0.00000490 0.00000020 0.24611918 0.00009834 -0.00000022 -0.00000000
-1.05130889 0.00005431 0.00000101 -0.00000032 0.24707917 0.00009350 -0.00000026 0.00000005
-1.05098925 -0.00002281 -0.00000872 0.00000078 0.24803916 0.00010364 0.00000128 -0.00000010
-1.05130889 0.00003693 0.00001469 -0.00000109 0.24910582 0.00009994 -0.00000165 0.00000002
-1.05056307 0.00000295 -0.00001809 0.00000082 0.24995914 0.00007260 -0.00000109 0.00000013
-1.05152198 -0.00011265 0.00000653 0.00000005 0.25070580 0.00008966 0.00000279 -0.00000011
-1.05194816 0.00003213 0.00000795 -0.00000058 0.25177245 0.00011274 -0.00000049 -0.00000001
-1.05141543 0.00001610 -0.00000955 0.00000026 0.25283911 0.00009937 -0.00000085 -0.00000027
-1.05194816 -0.00009651 -0.00000171 0.00000007 0.25347910 0.00000176 -0.00000891 0.00000066
-1.05301361 -0.00010949 0.00000041 0.00000009 0.25326577 0.00002160 0.00001090 -0.00000056
-1.05397252 -0.00007282 0.00000325 -0.00000024 0.25401243 0.00007185 -0.00000587 0.00000019
-1.05461179 -0.00007869 -0.00000384 0.00000011 0.25433243 0.00001101 -0.00000021 0.00000002
-1.05567724 -0.00012383 -0.00000067 0.00000035 0.25443909 0.00001210 0.00000032 0.00000017
-1.05663615 -0.00003330 0.00000972 -0.00000043 0.25475909 0.00006858 0.00000533 -0.00000015
-1.05642306 0.00003329 -0.00000306 -0.00000013 0.25582574 0.00012959 0.00000078 -0.00000031
-1.05652961 -0.00006791 -0.00000706 0.00000032 0.25689240 0.00005305 -0.00000843 0.00000063
-1.05759506 -0.00011324 0.00000252 0.00000003 0.25721239 0.00007421 0.00001055 -0.00000094
-1.05844742 -0.00005446 0.00000335 -0.00000032 0.25806572 0.00000210 -0.00001776 0.00000079
-1.05898015 -0.00008445 -0.00000635 0.00000052 0.25710573 -0.00011461 0.00000609 -0.00000032
-1.05993905 -0.00005523 0.00000928 -0.00000016 0.25625241 -0.00008765 -0.00000339 0.00000015
-1.05972596 0.00008164 0.00000441 -0.00000062 0.25518575 -0.00011077 0.00000108 0.00000004
-1.05908669 -0.00001560 -0.00001413 0.00000061 0.25422576 -0.00007725 0.00000227 -0.00000009
-1.06004560 -0.00011512 0.00000418 -0.00000012 0.25358577 -0.00006021 -0.00000057 0.00000013
-1.06089796 -0.00006730 0.00000060 0.00000008 0.25305244 -0.00003392 0.00000320 -0.00000041
-1.06143069 -0.00003121 0.00000301 -0.00000031 0.25262578 -0.00009211 -0.00000901 0.00000076
-1.06175032 -0.00006356 -0.00000624 0.00000019 0.25155912 -0.00004565 0.00001366 -0.00000080
-1.06281578 -0.00013008 -0.00000041 0.00000038 0.25166579 -0.00001329 -0.00001042 0.00000043
-1.06377468 -0.00002343 0.00001107 -0.00000034 0.25091913 -0.00009318 0.00000243 -0.00000006
-1.06324196 0.00009596 0.00000087 -0.00000019 0.25017247 -0.00006198 0.00000069 -0.00000009
-1.06238959 0.00005514 -0.00000495 -0.00000006 0.24953248 -0.00007489 -0.00000198 -0.00000001
-1.06238959 -0.00006080 -0.00000665 0.00000063 0.24857249 -0.00011846 -0.00000238 0.00000036
-1.06302887 -0.00000371 0.00001236 -0.00000056 0.24750583 -0.00005927 0.00000830 -0.00000056
-1.06238959 0.00007566 -0.00000442 0.00000022 0.24718584 -0.00006046 -0.00000842 0.00000049
-1.06185687 0.00005268 0.00000212 -0.00000031 0.24622585 -0.00008291 0.00000617 -0.00000032
-1.06143069 0.00000128 -0.00000726 0.00000061 0.24569252 -0.00005592 -0.00000347 0.00000027
-1.06153723 0.00003809 0.00001094 -0.00000052 0.24505253 -0.00004541 0.00000453 -0.00000032
-1.06057833 0.00010207 -0.00000454 0.00000029 0.24473253 -0.00005043 -0.00000503 0.00000037
-1.05972596 0.00009701 0.00000404 -0.00000031 0.24409254 -0.00004086 0.00000598 -0.00000040
-1.05866051 0.00008525 -0.00000521 -0.00000012 0.24387921 -0.00004212 -0.00000611 0.00000039
-1.05844742 -0.00005444 -0.00000875 0.00000035 0.24323922 -0.00004664 0.00000566 -0.00000021
-1.05951287 -0.00012322 0.00000188 -0.00000002 0.24313255 0.00000470 -0.00000052 0.00000011
-1.06057833 -0.00009197 0.00000125 -0.00000006 0.24323922 0.00002783 0.00000284 -0.00000046
-1.06143069 -0.00008424 -0.00000048 0.00000004 0.24334588 -0.00005202 -0.00001082 0.00000096
-1.06228305 -0.00008247 0.00000065 0.00000012 0.24270589 0.00002025 0.00001805 -0.00000126
-1.06292232 -0.00003336 0.00000426 -0.00000041 0.24345255 0.00000301 -0.00001977 0.00000099
-1.06324196 -0.00007175 -0.00000810 0.00000057 0.24249256 -0.00009628 0.00000984 -0.00000013
-1.06420086 -0.00006321 0.00000895 -0.00000058 0.24238589 0.00006212 0.00000600 -0.00000026
-1.06452050 -0.00005898 -0.00000853 0.00000059 0.24334588 0.00010380 -0.00000183 -0.00000032
-1.06537286 -0.00005246 0.00000918 -0.00000039 0.24387921 -0.00002931 -0.00001148 0.00000037
-1.06537286 0.00001311 -0.00000262 -0.00000008 0.24281255 -0.00014657 -0.00000024 0.00000042
-1.06558595 -0.00006390 -0.00000508 0.00000019 0.24174590 -0.00002441 0.00001246 -0.00000090
-1.06654486 -0.00010911 0.00000055 0.00000018 0.24185256 -0.00004379 -0.00001440 0.00000113
-1.06739722 -0.00004302 0.00000605 -0.00000028 0.24110591 0.00000756 0.00001953 -0.00000096
-1.06750377 -0.00000646 -0.00000240 -0.00000002 0.24217256 0.00010956 -0.00000933 0.00000037
-1.06782340 -0.00005899 -0.00000286 0.00000013 0.24270589 0.00003420 0.00000180 0.00000001
-1.06856922 -0.00007720 0.00000104 0.00000003 0.24323922 0.00007362 0.00000215 0.00000001
-1.06920849 -0.00004774 0.00000191 -0.00000003 0.24419920 0.00011929 0.00000242 -0.00000058
-1.06952813 -0.00001952 0.00000091 -0.00000000 0.24505253 -0.00000681 -0.00001503 0.00000061
-1.06963467 -0.00000204 0.00000084 -0.00000006 0.24409254 -0.00012406 0.00000331 -0.00000016
-1.06963467 -0.00000429 -0.00000106 -0.00000006 0.24302588 -0.00010495 -0.00000140 0.00000023
-1.06984776 -0.00004472 -0.00000298 0.00000043 0.24206589 -0.00006413 0.00000548 -0.00000044
-1.07016740 0.00002334 0.00000979 -0.00000079 0.24153257 -0.00008653 -0.00000772 0.00000057
-1.06974122 -0.00001669 -0.00001379 0.00000059 0.24046591 -0.00006973 0.00000940 -0.00000035
-1.07070013 -0.00011641 0.00000382 -0.00000018 0.24035925 0.00001347 -0.00000108 0.00000029
-1.07165903 -0.00009303 -0.00000148 0.00000033 0.24067924 0.00007985 0.00000772 -0.00000082
-1.07240485 -0.00002290 0.00000849 -0.00000051 0.24142590 -0.00001288 -0.00001699 0.00000076
-1.07229830 -0.00000716 -0.00000692 0.00000023 0.24035925 -0.00012432 0.00000585 -0.00000019
